Visibility for camera IMG_0001.JPG
2328
0 2862.63 1427.22
1 2857.33 1488.82
2 2815.07 1222.36
3 2902.78 1235.42
4 2570.12 2270.36
5 1326.53 4936.83
6 2031.98 5186.05
7 358.076 801.909
8 2438.42 893.826
9 1627.74 5131.23
10 1680.09 1426.33
11 2521.96 1510.52
12 2662.63 2240.9
13 2515.71 1819.99
14 365.059 1377.14
15 2581.95 1571.01
16 1232.41 1988.81
17 1232.41 1988.81
18 2714.7 1813.79
19 2820.73 1233.45
20 3063.67 1546.41
21 2543.8 1789.31
22 2691.07 2160.12
23 2691.07 2160.12
24 1051.04 2120.12
25 3064.98 1752.05
26 3064.98 1752.05
27 3043.89 1387.24
28 1470.25 1695.69
29 2791.52 2160.6
30 3125.24 1766.06
31 1958.32 2422.28
32 2767.21 1485.36
33 2767.21 1485.36
34 2548.02 1593.04
35 2959.87 1334.17
36 1846.13 2544.73
37 1790.13 2314.13
38 2995.91 1579.76
39 2521.36 1757.19
40 1424.26 3058.28
41 1706.96 5117.55
42 2614.75 1188.33
43 1181.44 1896.01
44 2803.78 1610.51
45 2688.53 1624.31
46 1183.87 2590.47
47 856.539 1501.56
48 876.327 1921.43
49 1741.95 2890.05
50 1226.2 2056.33
51 998.908 1617.16
52 1818.47 4851.73
53 1818.47 4851.73
54 1459.71 1512.33
55 2655.81 2170.27
56 2655.81 2170.27
57 3034.78 1888.67
58 2573.97 2032.91
59 2807.29 1281.64
60 2807.29 1281.64
61 625.903 1254.46
62 1939.95 5149.34
63 2164.08 4797.34
64 1707.28 2876.96
65 2248.44 2062.63
66 606.934 908.18
67 612.988 649.65
68 1580.39 1879.02
69 2071.99 2369.3
70 1926.59 3502.32
71 905.325 1669.26
72 2319.83 1770.47
73 995.664 1727.99
74 1650.33 4502.16
75 2798.04 1320.31
76 1054.49 1710.58
77 563.53 617.624
78 2253.45 2101.33
79 2144.09 3953.06
80 1070.93 1036.37
81 1182.05 4553.84
82 590.472 632.689
83 1329.71 1423.5
84 974.437 1003.65
85 1412.68 4877.21
86 1951.06 4885.9
87 2575.62 2416.85
88 1958.63 4479.15
89 1040.77 1539.12
90 433.617 793.34
91 2001.36 4841.08
92 2126.17 5170.51
93 1722.68 2792.69
94 2848.28 1713.11
95 2754.92 1344.26
96 1430.8 1759.57
97 1173.74 1776.6
98 1079.11 1601.92
99 582.236 617.236
100 2267.75 3869.15
101 2264.32 1517.05
102 1986.32 5234.9
103 1156.3 2053.31
104 1953.97 4057.73
105 343.357 1174.86
106 1632.86 2342.83
107 1344.66 1040.98
108 886.627 814.217
109 1623.77 2491.35
110 1405.05 2844.82
111 1746.17 4818.42
112 1676.98 3034.05
113 3113.94 1353.6
114 2570.59 1838.35
115 2570.59 1838.35
116 1120.8 2072.3
117 1120.8 2072.3
118 940.149 910.817
119 1761.13 4384.25
120 1122.89 1122.91
121 1308.54 1948.31
122 2428.22 1835.22
123 1608.36 1692.86
124 2129.12 4444.79
125 531.72 595.105
126 3070.27 1574.24
127 1838.62 2715.31
128 1818.55 4290.63
129 2616.47 951.327
130 1085.67 2122.22
131 1513.72 2543.17
132 1513.72 2543.17
133 2783.98 1003.36
134 1608.99 1241.97
135 1593.41 1678.37
136 1078.71 1962.38
137 2157.64 1598.09
138 1118.77 1669.41
139 2195.28 4857.77
140 1384.58 1904.98
141 926.854 1713.39
142 2215.2 4218.05
143 1861.53 2260.04
144 2784.03 1602.53
145 1331.21 2257.88
146 1176.07 1851.07
147 1176.07 1851.07
148 1817.06 2532.01
149 1410.11 1402.15
150 3071.7 1278.38
151 1488.73 1637.83
152 955.233 1468.8
153 1122.93 2048.6
154 1298.55 2666.39
155 2772.27 1787.38
156 3006.84 1953.33
157 1316.24 1781.68
158 2588.85 1891.84
159 1245.16 2099.4
160 1325.59 1926.1
161 1125.43 1962.56
162 1092.58 1887.94
163 2574.39 1882.02
164 2810.21 886.212
165 2810.21 886.212
166 2849.95 1919.53
167 1419.4 2526.9
168 1540.35 2480.58
169 1221.63 2126.62
170 1514.36 2850.92
171 1327.7 3844.29
172 1327.7 3844.29
173 2838.59 1028.35
174 556.876 1319.78
175 3105.98 1290.99
176 1532.34 2574.44
177 2880.76 1332.28
178 2507.55 1786.95
179 1115.53 1707.06
180 2619.22 994.164
181 1282.19 2098.28
182 1282.19 2098.28
183 2274.73 3206.99
184 1887.25 2653.57
185 1877.6 3475.51
186 1877.6 3475.51
187 3053.58 1816.64
188 1690.59 2158.68
189 651.369 1516.1
190 1216.22 1393.81
191 3285.9 1392.05
192 2262.85 1818.16
193 1170.96 1208.75
194 1170.96 1208.75
195 1425.08 3069.29
196 1845.68 4178.87
197 2510.69 1761.83
198 1084.82 2247.39
199 980.218 1821.93
200 842.703 1905.52
201 1438.36 1883.03
202 2361.49 3734.84
203 923.425 2078.07
204 1655.51 2641.53
205 1471.67 2701.34
206 3005.72 1410.58
207 3005.72 1410.58
208 1135.16 1980.77
209 1135.16 1980.77
210 892.67 1748.67
211 1091.38 1829.15
212 884.458 1679.45
213 1222.59 2056.32
214 2720.61 1957.55
215 2535.31 2071.12
216 2893.15 1814.26
217 2893.15 1814.26
218 1201.09 1849.94
219 1201.09 1849.94
220 1855.35 2542.75
221 1138.45 2223.11
222 944.056 2022.15
223 3012.07 1357.89
224 1366.84 1684.24
225 2255.26 4041.78
226 1307.03 1904.86
227 1117.96 1976.08
228 2343.65 1621.54
229 856.558 1987.47
230 856.558 1987.47
231 2674.89 1036.11
232 1030.71 2036
233 1744.53 2338.59
234 2695.95 1845.18
235 679.579 1979.99
236 679.579 1979.99
237 1341.43 1597.37
238 1341.43 1597.37
239 968.955 2299.89
240 763.957 1642.07
241 870.894 1476.57
242 2878.03 1827.63
243 2293.14 1454.08
244 642.803 1469.19
245 642.803 1469.19
246 1133.61 1676.8
247 3016.97 1090.62
248 2300.58 3289.27
249 2871.36 1475.6
250 1355.78 1702.1
251 1085.95 2006.7
252 2581.71 1253.57
253 1205 2118.25
254 3092.25 1346.1
255 1342.73 2775.22
256 1342.73 2775.22
257 2116.29 2221.61
258 1439.16 2507.69
259 1071.83 2130.7
260 2334.23 4758.35
261 2334.23 4758.35
262 1251.25 2976.07
263 1362.46 1856.47
264 1371.14 1490.41
265 658.584 2077.63
266 2258.57 2065.31
267 1570.87 1859.52
268 829.275 1438.7
269 985.716 1403.62
270 812.13 1950.69
271 2699.83 1552.19
272 1207.05 1830.27
273 519.312 702.576
274 666.208 1503.36
275 666.208 1503.36
276 1925.82 3410.29
277 1841.42 2026.93
278 1263.62 1416.75
279 1217.73 1526.1
280 900.618 1966
281 2768.27 1592.35
282 881.454 1732.77
283 1081.03 1631.57
284 1096.02 1393.78
285 1096.02 1393.78
286 2888.62 1308.44
287 1138.71 2992.9
288 2294.62 2064.04
289 2467.46 1669.81
290 1920.92 3451.5
291 2018.28 2210.88
292 3140.81 1608.08
293 1363.35 1303.53
294 1956.32 2149.67
295 1082 1907.72
296 1232.88 2917.41
297 1077.91 1393.89
298 1533.01 2646.4
299 928.885 1585.65
300 1784.62 2363.18
301 1009.59 1667.77
302 1517.52 1517.22
303 1315.01 1257.72
304 840.97 2076.85
305 1209.62 1623.37
306 1209.62 1623.37
307 1413.11 2749.99
308 3274.81 1369.72
309 670.334 1483.13
310 2493.71 1773.62
311 1129.99 1429.86
312 1129.99 1429.86
313 1033.53 1904.63
314 1322.33 1353.13
315 1322.33 1353.13
316 843.825 1885.43
317 1492.86 1425.09
318 1014.16 1715.58
319 1273.15 1511.63
320 1273.15 1511.63
321 1651.22 2776.99
322 562.504 1851.16
323 1290.21 2083.39
324 1543.78 2504.6
325 1437.13 2434.77
326 977.056 1934.9
327 1186.95 1782.03
328 1813.34 2019
329 1168.33 1825.38
330 1493.55 2308.65
331 1493.55 2308.65
332 1645.35 2184.16
333 878.856 2003.09
334 1540.51 1837.13
335 2839.4 1419.08
336 1736.19 4188.6
337 2009.51 4051.54
338 2718.85 2194.11
339 1261.53 1744.66
340 1679.34 2850.72
341 1314.95 1801.66
342 655.44 934.563
343 983.495 2041.6
344 1608.97 1563.41
345 1249.38 2081.33
346 899.309 1643.53
347 602.874 1862.88
348 3064.89 1979.89
349 635.784 1486.48
350 635.784 1486.48
351 1076 1098.21
352 1434.32 2327.82
353 876.655 1800.78
354 1333.91 1378.15
355 886.772 1764.67
356 1490.42 5081.31
357 2916.13 1536.79
358 1168.67 1327.76
359 1292.79 1825.44
360 2760.16 2208.44
361 1796.75 2026
362 2315.62 1451.27
363 2315.62 1451.27
364 1199.98 1879.41
365 385.195 1405.11
366 668.496 1171.57
367 908.41 1195.92
368 908.41 1195.92
369 1501.25 2274.64
370 832.387 1920.09
371 667.827 2061.58
372 667.827 2061.58
373 1608.08 3813.87
374 1390.02 2387.87
375 861.394 1904.44
376 1068.23 1996.75
377 1222.12 3303.85
378 405.854 1159.78
379 1805.91 3438.14
380 962.51 1283.46
381 1317.35 1490.67
382 1567.54 2292.6
383 1567.54 2292.6
384 601.875 1265.13
385 486.501 1385.87
386 2937.66 1113.09
387 1453.23 1423.99
388 730.841 1081.02
389 730.841 1081.02
390 2752.35 1436.81
391 2686.52 1224.16
392 1837.09 4216.38
393 1837.09 4216.38
394 3012.83 1918.97
395 2732.45 2207.94
396 2732.45 2207.94
397 753.151 855.57
398 1061.59 1074.28
399 2218.5 2398.38
400 643.171 2056.35
401 643.171 2056.35
402 634.272 1872.46
403 1870.28 2017
404 566.032 1449.17
405 566.032 1449.17
406 1257.62 2067.6
407 727.232 861.364
408 971.314 1378.13
409 939.225 1008.78
410 1547.96 2617.63
411 1547.96 2617.63
412 916.328 1604.73
413 1767.46 4223.31
414 1192.88 1187.89
415 895.784 1406.19
416 3280.61 1711.41
417 1009 1806.05
418 1294.37 2458.57
419 2193.41 3365.24
420 2193.41 3365.24
421 2148.37 5017.74
422 2413.21 1578.17
423 1569.92 2333.33
424 3162.92 1890.66
425 570.892 1868.65
426 2229 2086.65
427 1665.4 2445.97
428 2018.74 3476.81
429 1427.62 2412.47
430 676.613 2139.05
431 1219.66 1821.48
432 927.436 2189.18
433 2140.27 3556.44
434 1332.48 1570.51
435 1332.48 1570.51
436 2301.67 2978.78
437 729.642 842.135
438 1489.23 4724.5
439 1489.23 4724.5
440 1266.1 1650.69
441 1221.79 1769.85
442 919.656 2094.79
443 1638.97 5079.62
444 1229.46 2785.83
445 2954.97 1072.95
446 2101.35 2623.98
447 1499.67 2294.28
448 1786.11 2580.61
449 756.423 881.429
450 1098.71 1304.47
451 1395.7 2628.34
452 2140.22 1797.75
453 1261.24 1154.46
454 486.615 1435.62
455 1608.47 5110.02
456 862.921 1596.82
457 1605.62 2434.11
458 1000.43 1116.71
459 2929.92 2048.3
460 1140.71 1963.21
461 990.479 1838.17
462 711.534 1092.43
463 711.534 1092.43
464 1305.06 2859.51
465 1821.84 4984.44
466 1545.83 1269.51
467 678.256 1074.28
468 1127.07 2090.78
469 688.57 1300.34
470 1494.53 3031.66
471 2401.96 1291.73
472 2395.79 1857.06
473 2889.21 2012.02
474 1962.91 3349.87
475 2204.7 3403.33
476 2428.44 1937.19
477 666.466 816.791
478 1153.35 1656.4
479 1351.67 1755.46
480 1473.07 1576.04
481 2055.42 2244.77
482 964.631 1149.46
483 1347.67 1625.6
484 1740.55 2502.46
485 1496.88 2762.52
486 1855.04 5205.17
487 1935.63 2982.32
488 717.46 1323.55
489 1861.18 2437.94
490 1868.97 4417.31
491 1868.97 4417.31
492 1494.2 2733.75
493 1590.62 2685.33
494 2685.97 994.099
495 536.483 1454.97
496 2609.57 1231.39
497 542.627 1335.19
498 1842.1 2766.49
499 3037.73 1425.06
500 1252.09 1429.13
501 2727.18 1503.02
502 1584.3 4332.3
503 1263.73 2545.09
504 1263.73 2545.09
505 1734.88 2996.1
506 2429.74 4927.8
507 581.623 1023.64
508 1704.73 2942.2
509 2377.76 2966.12
510 2262.29 1987.62
511 596.852 1057.07
512 1616.9 1592.45
513 3136.69 1712.98
514 796.242 1176.59
515 759.874 1379.08
516 2927.36 2180.38
517 790.22 876.361
518 816.841 1333.11
519 1528.18 2671.22
520 1547.16 3048.71
521 1547.16 3048.71
522 623.078 1517.21
523 461.518 1198
524 2751.43 1890.02
525 1008.37 2004.65
526 495.548 1213.46
527 740.853 1068.07
528 1847.22 2445.29
529 1474.73 2470.54
530 1101.55 1764.84
531 1101.55 1764.84
532 2868.24 1302.13
533 1031.85 1933.92
534 1852.17 4134.27
535 1815.66 4209.41
536 2908.87 1292.26
537 1736.01 3071.15
538 666.995 1043.63
539 1878.68 4255.62
540 1878.68 4255.62
541 2811.16 2103.81
542 751.943 1023.41
543 2330.1 4981.69
544 1900.53 4388.52
545 1140.7 1348.4
546 1584.13 5151
547 1209.88 2041.48
548 884.998 1212.47
549 2790.36 1313.39
550 2574.06 1780.53
551 2747.84 982.202
552 1228.21 1919.44
553 1228.21 1919.44
554 2369.64 2189.76
555 1565.15 3805.26
556 1467.04 1360.98
557 507.698 1182.83
558 880.996 1577.78
559 2366.87 2129.13
560 534.518 991.561
561 534.518 991.561
562 2072.27 4832.22
563 626.265 2120.16
564 1471.15 5054.88
565 1441.47 2777.7
566 1211.33 3669.39
567 1862.71 3699.4
568 643.118 1187.83
569 1866.34 4299.54
570 2853.61 1289.55
571 1305.45 1402.43
572 1715.06 4182.68
573 1715.06 4182.68
574 2437.32 3710.08
575 669.085 782.91
576 2338.2 1481.95
577 2570.25 2199.13
578 1693.12 4315.63
579 1240.33 2063.43
580 705.682 844.834
581 1723.12 4540.15
582 1449.79 1780.74
583 1263.36 3601.33
584 2098.56 3980.59
585 571.592 875.084
586 754.875 1079.06
587 686.572 811.653
588 1875.03 4136.53
589 3043.68 1912.13
590 917.415 2331.37
591 1266.59 1686.82
592 2258.54 1876.52
593 1770.96 4261.61
594 1770.96 4261.61
595 1820.51 2843.12
596 2825.11 1694.89
597 1208.99 2149.8
598 2341.42 1509.23
599 2456.69 3928.9
600 2456.69 3928.9
601 1206.6 2060.19
602 2594.11 2031.23
603 1899.26 5161.24
604 690.335 1837.86
605 1893.99 2897.37
606 3292.1 1362.62
607 549.315 1601.54
608 1561.01 1837.06
609 648.17 805.532
610 940.778 1520.6
611 1204.18 1452.89
612 2594.67 1959.71
613 1516.88 4141.22
614 2206.28 4154.9
615 2206.28 4154.9
616 1582.39 1463.98
617 1456.17 2634.18
618 2865.17 1232.75
619 1861.87 2383.77
620 2779.46 1649.8
621 2787.34 1724.84
622 2736.96 926.715
623 1087.04 1004.03
624 1083.96 1079.93
625 3007.56 1972.33
626 1527.06 3048.83
627 1527.06 3048.83
628 1810.1 4118.6
629 332.36 1099.06
630 2366.89 4251.47
631 2366.89 4251.47
632 1643.86 2957.05
633 658.263 1111.58
634 2215.3 4998.99
635 1870.88 4226.65
636 2930.03 1272.99
637 1514.92 5119.87
638 1005.88 1246.09
639 1566.28 1462.93
640 1629.59 4782.58
641 582.698 1173.95
642 565.319 1704.79
643 924.124 2173.65
644 746.552 1042.35
645 2191.27 4799.53
646 2083.07 4775.6
647 2292.82 3240.73
648 2757.84 1860.91
649 1692.3 2952.56
650 1686.85 3008.84
651 1469.53 2808.25
652 1784.84 4225.72
653 946.178 1387.23
654 1434.97 2226.34
655 1541.49 5138.65
656 3034.21 1797.9
657 2546.79 1691.57
658 2999.58 1394.37
659 667.822 924.186
660 2957.4 1823.2
661 1958.25 4869.98
662 1958.25 4869.98
663 1206.71 1693.41
664 1326.07 1409.09
665 2000.56 2691.86
666 1940.72 3998.22
667 3211.65 1171.32
668 502.538 969.358
669 502.538 969.358
670 2657.51 1712.05
671 3006.66 2076.32
672 1675.78 5151.57
673 1316.06 2908.13
674 906.846 1625.2
675 1655.23 2938.69
676 2323.55 3907.29
677 2121.93 2365.84
678 2330.08 4384.75
679 1149.01 1540.93
680 879.954 1624.24
681 1824.19 2663.89
682 1624.73 4749.32
683 1545.15 1437.05
684 2141.1 4493.11
685 1704.84 4238.46
686 600.62 1591.01
687 1134.53 1938.81
688 676.785 983.42
689 665.427 2012.57
690 1492.96 1599.74
691 1704.32 3025.27
692 3070.5 1204.42
693 2672.62 1731.79
694 1634.52 4980.73
695 580.103 1096.34
696 2217.82 3937.49
697 905.822 1367.4
698 1405.82 1892.86
699 1435.34 1434.32
700 737.297 941.86
701 1451.54 4187.44
702 1012.92 1548.41
703 1012.92 1548.41
704 1311.29 1583.85
705 2869.17 945.148
706 1885.05 4430.05
707 1885.05 4430.05
708 2604.1 4890.19
709 505.407 1381.59
710 694.601 1204.58
711 694.601 1204.58
712 1825.66 2778.96
713 706.295 2102.09
714 2776.11 1215.55
715 1365.83 1770.34
716 576.847 990.888
717 1674.65 4425.02
718 2619.11 2167.88
719 2102.08 5169.16
720 2763.32 2047.88
721 1829.09 2453.94
722 528.132 1055.44
723 1854.99 4429.16
724 2044.18 4537.28
725 1768.77 4771.19
726 1606.41 5064.65
727 2838.46 882.479
728 1254.75 1724.12
729 1382.93 1544.72
730 1846.27 5169.41
731 1375.91 1928.28
732 2917.49 1676.71
733 606.786 1734.71
734 3133.07 1652.96
735 827.267 1839.59
736 2872.94 1283.04
737 2536.97 1938.19
738 778.324 1951.8
739 3277.95 1184.8
740 2170.47 4762.01
741 2466.42 1897.46
742 2466.42 1897.46
743 1678.38 4510.82
744 1104.51 2137.97
745 2445.41 5067.13
746 2745.56 1559.99
747 2336.01 1717.82
748 2245.5 1890.2
749 1821.81 4433.69
750 2063.94 4803.59
751 702.983 1234.7
752 538.084 1129.85
753 2021.71 2374.37
754 708.733 751.923
755 1044.3 1284.63
756 2042.73 4154.13
757 2495.41 3580.66
758 1677.9 5005.71
759 1824.07 4417.8
760 2680.4 977.733
761 2008.4 5168.96
762 1774.38 4877.02
763 1334.13 1640.83
764 1665.05 4402.29
765 1758.29 3751.1
766 1977.9 4438.43
767 1937.3 4325.28
768 2513.23 3746.3
769 2417.49 4667.11
770 928.434 940.655
771 928.434 940.655
772 1381.79 1361.65
773 2945.4 1608.84
774 514.19 1369.58
775 1373.37 2434.29
776 2365.44 3764.71
777 1652.34 4234.09
778 1978.28 4874.9
779 1998.4 2565.08
780 1440.95 4117.46
781 481.833 953.842
782 1769.24 5177.69
783 1769.24 5177.69
784 1854.43 4225.03
785 1944.38 5023.48
786 1879.68 5149.4
787 1895.69 4139.86
788 904.622 1702.5
789 2522.15 1210.62
790 623.238 1201.06
791 1696.1 2267.85
792 2019.14 4125.23
793 2019.14 4125.23
794 1652.28 2327.01
795 783.941 1052.72
796 2927.49 1804.84
797 2765.98 2241.52
798 2596.1 1909.86
799 2136.84 4044.43
800 2069.25 3497.57
801 2245.97 1932.45
802 1755.7 2869.55
803 643.04 1011.61
804 1920.36 4181.45
805 2691.61 1329.47
806 2531.84 2303.56
807 816.832 1067.47
808 1915.6 4129.91
809 2246.13 3111.47
810 1125.84 1763.41
811 2919.25 1817.49
812 1701.39 3045.89
813 1885.31 4037.77
814 751.96 1729.86
815 1937.88 4042.16
816 1748.14 4424.76
817 1748.14 4424.76
818 1599.32 4183.09
819 1599.32 4183.09
820 2895.17 1842.14
821 1852.25 4392.99
822 1366.91 1793.95
823 2940.8 1788.97
824 584.181 931.582
825 766.371 1247.04
826 2799.27 1558.73
827 2307.94 3890.99
828 2694.14 1464.01
829 2614.85 3618.06
830 3055.47 2046.91
831 756.669 1183.08
832 1721.21 4257.03
833 1734.59 4319.49
834 2866.9 1766.4
835 946.166 1782.84
836 2485.55 3989.39
837 3090.67 1224.32
838 3265.48 1683.61
839 1683.13 4986.01
840 860.666 1077.41
841 2764.94 1425.37
842 2976.65 1722.29
843 2747.96 896.995
844 2836.88 1814.61
845 1816.77 5160.34
846 3111.99 1098.03
847 1956.42 4800.81
848 2218.97 3162.46
849 2138.88 4100.17
850 3184.11 2136.73
851 2246.37 3076.34
852 2321.81 3739.57
853 2395.46 2244.4
854 1542.49 4681.56
855 1657.04 4980.98
856 868.459 873.987
857 1697.71 4842.66
858 2667.63 2420.89
859 600.825 1699.14
860 1460.12 4222.17
861 1706.18 2339.22
862 1107.52 1428.91
863 2048.17 4435.89
864 2539.87 3918.64
865 2539.87 3918.64
866 2402.82 3637.6
867 2028.91 3985.34
868 398.544 1066.55
869 3278.14 1330.55
870 1900.35 2304.91
871 3048.46 1931.82
872 2023.83 4152.88
873 3133.37 1636.68
874 810.106 963.887
875 1628.43 4416.71
876 1844.52 4156.16
877 3136.82 1104.89
878 403.829 1048.91
879 1943.76 4457.45
880 2258.97 4372.56
881 1976.73 4067.15
882 2805.68 959.618
883 2305.97 3774.48
884 1760.26 4507.39
885 853.789 1738.75
886 2596.82 1415.96
887 1889.05 4240.63
888 1799.28 5238.95
889 1764.7 4277.3
890 1400.17 1840.43
891 1434.45 1304.13
892 2193.61 4127.87
893 2193.61 4127.87
894 1850.09 4289.17
895 2041.61 1483.62
896 721.523 740.089
897 1494.93 2409.13
898 3023.85 1144.94
899 1741.04 4796.02
900 1920.69 5156.42
901 1536.14 1336.89
902 1652.85 4419.83
903 1630.71 4282.24
904 422.777 1317.56
905 1825.77 4230.4
906 2478.56 1748.76
907 783.911 799.341
908 783.911 799.341
909 2544.48 3730.95
910 2544.48 3730.95
911 456.807 1091.45
912 2165 3463.84
913 659.976 1128.34
914 1124.61 1617.36
915 953.68 1725.86
916 1462.67 5129.73
917 2197.57 4952.11
918 1754.72 4208.33
919 1807.78 2857.25
920 1689.19 4786.5
921 2417.21 2077.15
922 1890.67 4346.7
923 2648.48 1772.8
924 2259.1 3990.94
925 2254.5 4124.57
926 2254.5 4124.57
927 2224.46 3132.99
928 2052.61 5000.63
929 1749.68 4780.99
930 1854.31 4311.66
931 1969.2 2109.35
932 733.624 792.153
933 2747.73 1593.84
934 1468.36 5028.73
935 1345.48 4565.76
936 1896.37 4832.51
937 2052.85 2648.07
938 2217.01 4040.55
939 2614.48 2131.51
940 2614.48 2131.51
941 2014.29 4515.38
942 603.493 960.745
943 1826.11 4462.75
944 2159.64 1888.43
945 1657.16 4311.8
946 2258.41 4316.77
947 1873.84 4387.32
948 1873.84 4387.32
949 2595.32 1788.16
950 2122.97 4070.23
951 663.069 744.031
952 1807.8 4374.32
953 2151.47 4031.32
954 2147.61 4206.32
955 1787.72 4370.2
956 1662.36 2325.88
957 1662.36 2325.88
958 2234.36 3879.72
959 1521.19 4684.04
960 2442.25 1827.02
961 2442.25 1827.02
962 2418.95 5143.09
963 2668.98 1329.7
964 2668.98 1329.7
965 1915.22 4108.15
966 3236.9 1286.03
967 3035.19 1186.19
968 3035.19 1186.19
969 2153.24 4078.84
970 2149.44 5056.4
971 2623.92 2816.96
972 1394.27 5020.91
973 1394.27 5020.91
974 2480.03 3621.02
975 2480.03 3621.02
976 2691.43 2217.94
977 2119.25 4901.44
978 1549.34 4373.77
979 477.415 1531.97
980 2289.95 1965.84
981 2389.62 5117.31
982 1438.56 4210.41
983 349.975 1073.9
984 2381.71 4304.44
985 2067.31 4588.48
986 1892.39 4102.97
987 1072.73 1409.34
988 688.285 1157.23
989 1588.7 4236.51
990 2562.78 1455.99
991 1344.27 2060.6
992 2062.86 4122.17
993 2043.9 3395.29
994 606.671 994.263
995 1967.53 4852.1
996 2326.39 4271.68
997 1752.11 5024.13
998 1482.3 1722.57
999 1938.03 4139.7
1000 562.848 931.889
1001 562.848 931.889
1002 2338.1 4010.71
1003 2036.24 4851.4
1004 2359.52 3874.54
1005 2359.52 3874.54
1006 1471.9 4208.01
1007 2555.58 3959.53
1008 2477.57 3571.09
1009 2944.74 1842.95
1010 2064.15 4448.48
1011 1816.37 4358.16
1012 1860.92 4982.15
1013 1768.32 2390.43
1014 470.232 869.84
1015 2052.02 4039.82
1016 1884.2 4848.08
1017 2786.76 873.646
1018 1626.12 5122.6
1019 1906.78 4221.44
1020 1291.74 1373.95
1021 1291.74 1373.95
1022 2224.57 2010.15
1023 2108.33 4510.02
1024 2233.85 3487.41
1025 3144.21 1485.19
1026 1900.85 4415.77
1027 2515.1 4028.93
1028 2041.9 4066.32
1029 1751.72 4474.92
1030 2554.12 4962.63
1031 2291.77 2083.46
1032 1182.14 1960.75
1033 2391.56 3764.26
1034 2148.95 3148.53
1035 1401.84 1863.27
1036 1386.03 1821.05
1037 1950.02 4816.06
1038 2469.73 4223.53
1039 1691.64 2699.22
1040 2736.04 1318
1041 2975.66 1694
1042 2120.42 1456.43
1043 2911.64 2126.61
1044 2572.41 3750.89
1045 1872.1 4081.71
1046 2351.86 2971.15
1047 2651.23 1163.48
1048 1522.93 4404.02
1049 1711.79 4980.58
1050 1454.11 4986.45
1051 2074.39 5012.63
1052 2485.33 4061.63
1053 1268.64 1888.02
1054 985.65 1881.36
1055 2758.61 1370.71
1056 921.698 885.011
1057 2425.79 3679.72
1058 2099.56 4492.72
1059 1985.66 1743.23
1060 2379.24 3078.88
1061 2354.13 4211.84
1062 2413.29 3665.71
1063 1515.43 4258.48
1064 715.521 1145.45
1065 1804.38 2324.49
1066 1651.91 3000.41
1067 2251.12 4143.28
1068 1345.16 4115.92
1069 2265.41 4106.53
1070 2823.81 1041.33
1071 2135.41 5147.61
1072 1273.85 1798.22
1073 2213.27 4490.98
1074 1613.97 4363.12
1075 2064.21 4615.23
1076 2064.21 4615.23
1077 2424.11 3920.92
1078 2424.11 3920.92
1079 2455.45 3721.69
1080 2025.82 4087.86
1081 1937.15 4873.08
1082 1837.58 4306.71
1083 1790.43 4485.29
1084 1699.01 4255.6
1085 1699.01 4255.6
1086 2094.48 1632.94
1087 2349.84 4278.09
1088 1767.78 4049.86
1089 1867.1 2862.89
1090 552.21 904.049
1091 2785.23 1288.5
1092 2785.23 1288.5
1093 2200.22 3942.31
1094 2424.61 3732.97
1095 1610.57 4288.86
1096 2215.13 5019.69
1097 2478.8 4010.99
1098 2512.99 1362.05
1099 2111.82 4196.24
1100 2484.69 1351.74
1101 2352.56 3928.43
1102 1707.4 3624.2
1103 2216.11 1505.45
1104 2410.99 2420.85
1105 2118.49 4139.13
1106 1705.53 4408.17
1107 421.936 1054.69
1108 811.671 1236.08
1109 2764.93 1639.85
1110 499.294 1270.97
1111 2177.87 1750.02
1112 2564.18 4919.94
1113 2342.48 3069.49
1114 1535.02 4231.92
1115 2051.5 4232.05
1116 1758.49 2395.94
1117 2620.92 2427.52
1118 2251.27 5023.4
1119 881.913 909.444
1120 1833.86 4135.3
1121 1623.81 4243.9
1122 2047.6 4197.79
1123 2382.19 4136.22
1124 2462.74 3964.05
1125 2652.86 1902.26
1126 1895.55 4058.06
1127 1895.55 4058.06
1128 1598.39 4394.14
1129 1454.56 4871.27
1130 2458.32 4624.87
1131 1957.62 4443.31
1132 1464.82 4676.24
1133 2686.4 2558.13
1134 1941.36 4984.45
1135 1558.58 4171.07
1136 633.927 699.344
1137 2627.81 2153.79
1138 2394.76 5044.01
1139 2165.19 5161.42
1140 1571.25 4246.77
1141 1503.58 4304.47
1142 2142.82 4970.46
1143 2256.69 3152.69
1144 2184.97 1997.9
1145 827.258 824.543
1146 611.781 978.825
1147 1970.78 4334.89
1148 779.094 2274.02
1149 3220 1649.43
1150 943.707 2234.17
1151 1498.14 4120.01
1152 2317.76 5081.27
1153 2918.65 1580.52
1154 1538.66 5157.19
1155 1917.38 5076.2
1156 690.225 753.862
1157 1004.06 1176.55
1158 1004.06 1176.55
1159 1967.31 1654.22
1160 2197.13 4006.02
1161 2485.77 3766.53
1162 2194.4 4838.82
1163 2140.3 5040.62
1164 1664.72 4078.01
1165 1981.17 4022.15
1166 1451.91 1566.03
1167 2678.63 1343.05
1168 2694.48 1760.81
1169 449.565 945.815
1170 2668.52 1852.58
1171 3022.9 1857.7
1172 1564.49 4925.92
1173 2511.57 2949.27
1174 1163.83 1778.38
1175 759.374 940.211
1176 759.374 940.211
1177 2001.29 5008.91
1178 701.171 2148.63
1179 2316.83 1482.42
1180 1823.75 4756.4
1181 2237.68 3942.21
1182 2237.68 3942.21
1183 2176.31 2342.82
1184 1396.53 1767.49
1185 2319.37 3996.96
1186 2319.37 3996.96
1187 1239.07 3756.47
1188 2071.66 4138.84
1189 1833.98 3464.04
1190 1951.95 4033.49
1191 589.873 766.313
1192 1135.6 1313.11
1193 1158.44 1877.5
1194 2145.52 3929.13
1195 1995.96 2449.22
1196 1854.74 4835.35
1197 2526.32 4994.41
1198 2526.32 4994.41
1199 3194.19 1666.73
1200 1733.22 4278.5
1201 1025.1 1820.39
1202 2519.42 3002.41
1203 2692.46 1749.02
1204 1773.88 4334.46
1205 3086.52 2151.98
1206 2364.17 4356.66
1207 2627.08 1241.57
1208 3194.55 1649.27
1209 3240.3 1306.16
1210 2172.15 1907.53
1211 2050.2 2611.31
1212 794.884 984.651
1213 1335.67 1532.42
1214 2066.01 4506.39
1215 1599.1 2560.61
1216 2106.3 4106.91
1217 1075.03 1743.44
1218 1757.38 3538.85
1219 532.769 649.753
1220 1689.69 4950.99
1221 1550.37 2825.88
1222 2224.56 4275.54
1223 2636.33 1835.86
1224 2070.32 4471.18
1225 1982.69 4479.78
1226 1927.12 5053.15
1227 2588.01 2777.72
1228 1127.24 1873.35
1229 1127.24 1873.35
1230 2543.38 3661.4
1231 2199.76 4176.05
1232 1836.2 2630.89
1233 1407.04 4363.29
1234 1625.64 4169.95
1235 1775.38 3105.78
1236 2706.55 1760.07
1237 2322.22 4401.34
1238 2169.27 4476.54
1239 1659.7 3714.86
1240 981.376 1327.44
1241 1167.44 2040.21
1242 1141.04 1708.69
1243 1141.04 1708.69
1244 2241.56 4386.07
1245 2241.56 4386.07
1246 1301.32 2029.94
1247 1301.32 2029.94
1248 2098.06 4992.58
1249 1454.79 2714.4
1250 2651.73 2811.58
1251 2144.56 4992.38
1252 1702.94 4142.47
1253 2283.38 4405.7
1254 1774.88 4085.03
1255 1126.36 1653.45
1256 2462.14 2191.88
1257 3144.22 1899.94
1258 2996.32 1076.31
1259 1975.38 4044.9
1260 2335.85 3009.91
1261 1924.72 4991.21
1262 2322.56 4344.47
1263 2322.56 4344.47
1264 1106.69 1816.22
1265 2041.53 4410.89
1266 2996.65 1505.55
1267 2875.61 1683.47
1268 1417.46 5025.48
1269 2107.71 1686.46
1270 2393.21 4394.57
1271 2369.6 3042.38
1272 2036.74 5050.42
1273 2096.43 4137.58
1274 2023.3 4475.1
1275 960.523 2153.66
1276 960.523 2153.66
1277 809.399 1201.52
1278 781.755 1672.61
1279 834.406 1648.56
1280 2662.36 1801.96
1281 538.836 816.266
1282 1757.68 2420.41
1283 1852.96 2801.99
1284 2066.89 4429.14
1285 1810.79 2515.08
1286 2018.2 4107.4
1287 1784.86 4452.5
1288 2300.92 4356.51
1289 1707.54 4351.01
1290 1526.75 4758.48
1291 1250.96 1858.16
1292 2746.04 2456.56
1293 2555.54 3864.42
1294 2608.48 1459.63
1295 1458.96 1742.74
1296 1458.96 1742.74
1297 2444.23 2429.25
1298 1842.94 2577.22
1299 3148.74 1551.81
1300 1355.35 2817.33
1301 1361.14 3497.11
1302 1881.24 4184.34
1303 2085.49 4288.59
1304 2297.45 4932.62
1305 2074.08 4073.18
1306 1853.45 3402.19
1307 885.947 878.905
1308 1560.17 4399.39
1309 1855.87 2581.36
1310 2135.71 4370.49
1311 1345.95 4199.2
1312 2319.48 3028.25
1313 2427.05 5121.73
1314 2427.05 5121.73
1315 1873.73 2611.27
1316 2419.62 2438.01
1317 1648.17 3631.03
1318 2387.02 4049.31
1319 2247.86 4248.02
1320 2098.91 4524
1321 1508.58 4216.23
1322 1501.41 2811.25
1323 2121.25 3977.81
1324 1299 1462.32
1325 1917.88 4199.37
1326 2065.58 4281.53
1327 1179.87 2045.78
1328 2444.58 4087.67
1329 2444.58 4087.67
1330 2778.61 1333.67
1331 1950.42 4153.95
1332 1950.42 4153.95
1333 2571.27 1685.83
1334 2571.27 1685.83
1335 448.421 1132.41
1336 2536.76 4219.07
1337 2124.81 4315.15
1338 1844.2 2671.52
1339 1844.2 2671.52
1340 2572.64 1675.64
1341 2661.09 3815.26
1342 2515.19 1859.46
1343 1793.63 5209.5
1344 1191.68 2115.89
1345 1191.68 2115.89
1346 1835.05 4367.61
1347 1217.31 1394.3
1348 1577.25 4447.94
1349 1743.62 2742.19
1350 2567.72 3897.71
1351 1615.96 4184.38
1352 1714.31 4997.47
1353 2199.48 1812.2
1354 2682.48 2983.02
1355 2078.31 4304.02
1356 2465.34 3637.21
1357 2566.65 1764.41
1358 1938.52 4414.71
1359 2131.43 1481.25
1360 2318.56 4913.35
1361 2367.01 4273.51
1362 1941.65 4351.68
1363 1090.9 1697.5
1364 1500.99 4678.23
1365 2674.51 1680.54
1366 1006.3 1077.54
1367 1006.3 1077.54
1368 2351.77 4543.32
1369 1333.31 1913.14
1370 1433.79 1585.89
1371 2201.98 4075.68
1372 2407.52 3846.45
1373 1933.82 5263.29
1374 2015.77 4284.7
1375 2023.65 4865.29
1376 1449.5 1661.47
1377 1902.69 4035.7
1378 1488.86 4215.12
1379 1169.11 1840.1
1380 2677.22 915.157
1381 766.313 1781.66
1382 766.313 1781.66
1383 1341.28 3489.78
1384 2580.63 1647
1385 2580.63 1647
1386 1430.85 2564.07
1387 2241.81 5255.16
1388 2495.9 3851.95
1389 1790.28 2434.13
1390 1232.52 2081.96
1391 956.553 1849.04
1392 956.553 1849.04
1393 1018.43 1192.41
1394 2751.88 2487.34
1395 654.814 701.308
1396 1089.31 1939.59
1397 1089.31 1939.59
1398 1168.87 1683.27
1399 1644.13 4834.44
1400 2498.69 1863.54
1401 1628.76 4462.07
1402 2498.97 1804.24
1403 2101.29 4000.31
1404 2252.1 4844.03
1405 1765.24 2340.69
1406 1681.54 1532.7
1407 1825.11 2626.19
1408 2175.29 1769.35
1409 2649.63 2445.56
1410 1624.54 4222.41
1411 1624.54 4222.41
1412 413.369 4547.02
1413 1517.85 2396.03
1414 1906.83 4321.97
1415 1500.49 1498.52
1416 2075.48 4330.81
1417 1567 4100.81
1418 1608.23 2276.27
1419 1078.6 1924.03
1420 1078.6 1924.03
1421 1951.91 4078.09
1422 2835.11 1372.65
1423 1168.83 2136.55
1424 1601.68 2501.4
1425 2082.25 4260.38
1426 1623.71 5189.31
1427 2439.69 4059.08
1428 1988.07 4378.15
1429 2124.31 4351.42
1430 1546.92 1565.57
1431 1546.92 1565.57
1432 978.208 1505.73
1433 978.208 1505.73
1434 1581.23 4182.62
1435 1540.09 1563.21
1436 2499.52 1816.9
1437 2499.52 1816.9
1438 1294.48 1472.4
1439 2277.51 3079.62
1440 1204.24 1802.63
1441 1204.24 1802.63
1442 1537.2 2261.27
1443 1207.42 2182.49
1444 793.107 1196.28
1445 2366.74 4134.46
1446 2473.34 2968.67
1447 2608.32 2148.87
1448 2056.06 5170.64
1449 2250.46 4790.28
1450 2354.82 3035.14
1451 2029.53 4207.96
1452 1648.96 4562.79
1453 1608.26 4219
1454 2069.71 3935.49
1455 2810.53 1191.48
1456 2501.44 3730.57
1457 2172.64 2405.67
1458 3157.15 1981.95
1459 2663.32 2832.04
1460 1908.5 5210.25
1461 1908.5 5210.25
1462 1686.12 4344.54
1463 1462.86 3396.58
1464 2521.78 3998.29
1465 1778.58 4356.95
1466 1854.78 4543.22
1467 2245.05 4185.25
1468 2154.08 4164.54
1469 2739.49 1877.38
1470 2625.68 4130.79
1471 1649.91 4270.11
1472 1524.4 2736.33
1473 2331.1 3947.12
1474 2516.1 2069.64
1475 2465.18 3984.72
1476 2108.51 4856.71
1477 2296.68 4125.65
1478 1132.13 3359.79
1479 2295.03 1454.82
1480 2295.03 1454.82
1481 1115.63 1054.4
1482 1115.63 1054.4
1483 2126.28 4247.42
1484 2126.28 4247.42
1485 1080.81 1880.49
1486 2482.52 3055.24
1487 1138.18 2208.98
1488 2216.28 4256.58
1489 1331.46 2711.08
1490 2132.41 4264.55
1491 1979.02 4201.36
1492 1107.93 2257.69
1493 2547.38 1855.59
1494 2430.17 3872.58
1495 2804.15 1959.91
1496 2502.39 2980.85
1497 2625.75 4852.05
1498 946.412 1932.25
1499 1981.79 4205.91
1500 2857.55 2160.31
1501 887.728 1826.07
1502 3007.62 1498.69
1503 2269.13 2962.85
1504 2720.9 1633.02
1505 2339.97 4943.35
1506 895.727 1961.72
1507 2544.58 1810.82
1508 949.1 2100.39
1509 949.1 2100.39
1510 1106.76 2229.91
1511 2699.11 2428.64
1512 1276.74 2038.8
1513 1303.72 1812.42
1514 1623.27 2568.88
1515 1740.84 2451.56
1516 2332.91 2269.54
1517 2480.5 1785.3
1518 2193.69 5043.37
1519 994.653 1823.34
1520 994.653 1823.34
1521 2657.94 2536.76
1522 2358.49 2222.97
1523 2344.56 3696.73
1524 1856.51 3470.12
1525 1088.35 2167.11
1526 2166.02 4335.72
1527 2166.02 4335.72
1528 2151.85 4239.67
1529 2151.85 4239.67
1530 2000.82 5060.14
1531 1346.99 2149.58
1532 2423.09 4296.28
1533 1759.99 3114.3
1534 2268.11 5036.57
1535 1141.58 1917.8
1536 1126.57 1584.21
1537 2498.22 1688.46
1538 1251.22 4808.3
1539 2408.34 4744.09
1540 2408.34 4744.09
1541 2895.99 1924.42
1542 2303.87 4491.88
1543 2413.71 5102.15
1544 408.048 1340.12
1545 2789.44 1785.95
1546 2789.44 1785.95
1547 2193.64 1841.82
1548 1323.94 3692.82
1549 1994.91 4853.04
1550 1709.19 4861.92
1551 1077.26 3284.84
1552 1998.88 4323.6
1553 2241.14 4266.47
1554 2241.14 4266.47
1555 1836.68 2621.59
1556 2188.52 4292.52
1557 1078.22 1370.71
1558 1078.22 1370.71
1559 472.503 1273.49
1560 1612.91 4269.68
1561 1392.51 2953.04
1562 1522.44 2373.57
1563 1297.93 2411.86
1564 2242.84 4205.81
1565 2526.67 3240.44
1566 1917.65 3391.51
1567 1262.32 1605.94
1568 849.953 1265.67
1569 1111.46 1295.96
1570 1111.46 1295.96
1571 1895.23 2253.65
1572 2277.08 1947.92
1573 1767.53 4749.29
1574 1957.66 1866.28
1575 2168.82 4113.09
1576 1551.17 4227.85
1577 2410.77 2923.02
1578 1606.41 1658.44
1579 2793.05 1296.27
1580 2544.05 3773.84
1581 1200.73 1647.96
1582 1200.73 1647.96
1583 1195.13 1738.32
1584 2215.49 1788.49
1585 2307.88 2533.15
1586 1435.25 4967.09
1587 1468.29 1545.03
1588 1468.29 1545.03
1589 1073.04 1510.17
1590 1371.13 1912.74
1591 2442.17 2902.56
1592 1582.24 2677.22
1593 1582.24 2677.22
1594 1874.45 2352.51
1595 1874.45 2352.51
1596 1377.2 2507.77
1597 1591.03 2596.45
1598 1974.78 4189.77
1599 2417.4 2338.38
1600 2526.23 2798.28
1601 1642.89 4142.12
1602 1134.58 1671.73
1603 1575.63 2682.56
1604 2092.12 5091.88
1605 1001.42 1846.23
1606 1119.05 1572.55
1607 450.615 1422.74
1608 2359.17 4185.6
1609 2647.22 4857.52
1610 473.675 963.792
1611 2452.68 2930.42
1612 1273.75 2061.77
1613 1636.33 4321.33
1614 2472.94 4075.13
1615 2515.12 4190.17
1616 2634.68 3166.47
1617 1832.56 2491.58
1618 1421.49 1850.98
1619 1079.1 1394.92
1620 1263.3 4894.22
1621 2634.89 2438.11
1622 1855.04 5060.41
1623 2413.55 2886.07
1624 1247.66 1156.83
1625 2736.95 4720.72
1626 1834.67 2341.93
1627 1484.66 1527.84
1628 2768.08 1686.83
1629 2179.01 4139.41
1630 1446.39 2698.5
1631 1722.11 2191.73
1632 1486.37 2663.03
1633 1625 2291.37
1634 1625 2291.37
1635 2239.01 4828.99
1636 2144.12 1881.65
1637 1514.14 2357.93
1638 2827.88 1776.76
1639 2118.62 1629.88
1640 1677.29 2155.14
1641 1469.8 2791.8
1642 1088.45 1853.75
1643 1837.21 2358.96
1644 1837.21 2358.96
1645 1692.08 2496.94
1646 1563.8 4952.86
1647 2692.11 1799.15
1648 2341.96 3426.81
1649 1920.71 4866.32
1650 1920.71 4866.32
1651 1135.59 1060.97
1652 1084.2 1891.91
1653 782.478 1965
1654 1143.14 2659.63
1655 1143.14 2659.63
1656 1515.71 4879.59
1657 2547.29 1667.93
1658 2401.03 3233.31
1659 2401.03 3233.31
1660 1979.2 4277.81
1661 1912.04 4162.47
1662 2238.25 4128.21
1663 2444.3 1508.74
1664 2066.76 4202.13
1665 2412.22 2906.64
1666 1485.45 2961.78
1667 1345.16 1532.99
1668 1343.04 1699.58
1669 1153.41 1937.31
1670 2512.25 2893.22
1671 1178.3 1933.8
1672 1083.64 1734.77
1673 960.325 1950.95
1674 2053.83 1623.54
1675 708.975 1497.66
1676 1657.55 2859.42
1677 2257.86 1943.72
1678 1186.74 2038.06
1679 1131.87 1702.69
1680 936.624 2144.83
1681 2198.81 3982.43
1682 703.654 1355.36
1683 808.266 1690.82
1684 1181.12 2059.02
1685 1400.11 2948.35
1686 2187.38 4771.56
1687 2098.45 4373.86
1688 1583.69 2356.13
1689 2168.88 1575.17
1690 2464.81 3839.72
1691 1173.15 1622.44
1692 2583.06 3961.19
1693 2018.72 5234.22
1694 1842.91 5077.67
1695 1811.02 2612.76
1696 1876.28 2016.07
1697 872.31 1951.27
1698 1466.61 2893.35
1699 1466.61 2893.35
1700 1766.57 4184.43
1701 1501.7 1539.79
1702 1130.19 1716.19
1703 1130.19 1716.19
1704 1507.61 2882.55
1705 1507.61 2882.55
1706 945.166 1191.67
1707 2646.17 1264.76
1708 405.457 841.959
1709 1744.29 4917.48
1710 2498.25 1758.12
1711 1461.29 2324.54
1712 1618.25 2712.55
1713 1273.09 1481.99
1714 2810.74 1264.86
1715 2054.22 2580.88
1716 2349.69 4432.91
1717 2275.17 4198.16
1718 2570.97 2932.78
1719 1314.19 1797.91
1720 1432.29 1455.19
1721 1696.16 2146.59
1722 1406.8 1259.15
1723 2744.44 2504.18
1724 1919.38 3512.88
1725 1919.38 3512.88
1726 1646.57 1483.38
1727 1807.53 3440.41
1728 724.967 1989.52
1729 1239.98 1778.34
1730 1239.98 1778.34
1731 1293.84 1824.56
1732 1897.24 3737.87
1733 1897.24 3737.87
1734 978.023 2082.78
1735 1235.48 1302.9
1736 1986.31 5068.54
1737 2289.91 4145.41
1738 1859.3 2742.26
1739 1859.3 2742.26
1740 1506.54 1510.49
1741 2913.37 1697.1
1742 2266.13 4066.86
1743 1080.81 1690.44
1744 1287.78 2471.79
1745 3249.44 1383.03
1746 2246.14 3839.24
1747 1510.98 4327.91
1748 1441.31 2480.83
1749 1354.77 2036.88
1750 1354.77 2036.88
1751 1384.65 2800.91
1752 1536.06 2349.55
1753 860.861 1387.48
1754 1327.14 3656.52
1755 1327.14 3656.52
1756 993.783 1708.06
1757 1476.47 4112.44
1758 1079.99 1860.03
1759 1861.16 2755.12
1760 1658.15 2348.9
1761 1453.12 2689.71
1762 1025.73 1591.29
1763 2088.85 5207.93
1764 1349.23 1761.43
1765 1349.23 1761.43
1766 1062.89 2191.65
1767 916.942 2260.71
1768 2234.8 4789.38
1769 1619.74 2592.44
1770 2310.26 2264.08
1771 2538.41 2364.42
1772 1510.72 1574.37
1773 1808.13 2589.89
1774 1289.52 2025.8
1775 2015.82 3430.64
1776 2902.26 1601.45
1777 2130.9 2621.98
1778 1416.49 4966.09
1779 1105.87 2552.28
1780 1732.76 3704.36
1781 1732.76 3704.36
1782 1150.64 2240.5
1783 2634.19 1479.95
1784 2862.78 1706.13
1785 774.471 1774.03
1786 774.471 1774.03
1787 1535.41 4256.69
1788 943.992 1984.56
1789 943.992 1984.56
1790 1240 1294.28
1791 1079.36 1668.28
1792 3189.29 1323.04
1793 1593.37 2549.86
1794 635.943 1952.68
1795 2609.37 4039.01
1796 961.796 1937.49
1797 1409.76 2983.89
1798 2102.6 3148.69
1799 1091.66 1928.31
1800 1091.66 1928.31
1801 1529.34 2270.95
1802 1529.34 2270.95
1803 1833.49 5204.08
1804 3164.94 1296.29
1805 3164.94 1296.29
1806 1108.65 1281.81
1807 1060.17 2210.53
1808 1112.98 2290.99
1809 546.099 1511.99
1810 1733.73 3548.76
1811 2831.43 1665.97
1812 2253.84 1729.66
1813 1886.33 2661.88
1814 2981.94 1620.7
1815 2143.53 4784.14
1816 695.969 1590.15
1817 2782.72 1810.28
1818 2546.41 2866.11
1819 914.582 1815.97
1820 2350.3 3090.88
1821 1108.5 2019.32
1822 1063.25 2007.94
1823 1346.53 1520.28
1824 1190.15 1800.3
1825 1527.17 2846.68
1826 2181.74 4225.45
1827 1083.07 2111.31
1828 1137.11 1650.03
1829 1169.41 1223.24
1830 1515.62 2746.95
1831 2223.02 5174.17
1832 1163.87 1567.87
1833 1771.68 2819.97
1834 1401.35 1230.44
1835 985.814 2027.99
1836 985.814 2027.99
1837 1128.66 1909.35
1838 2131.07 4225.13
1839 2749.17 1498.67
1840 2804.28 1414.93
1841 1393.16 3184.7
1842 1056.57 1656.73
1843 1056.57 1656.73
1844 1701.75 2047.18
1845 1679.7 4058.05
1846 629.241 1818.73
1847 629.241 1818.73
1848 1937.25 1849
1849 2041.63 1647.79
1850 2640.09 1812.28
1851 1199.67 1840.45
1852 2391.44 3044.96
1853 1835.87 2611.29
1854 1729.49 2566.28
1855 1503.39 2859.39
1856 1503.39 2859.39
1857 1210.09 3841.84
1858 2305.8 1464.42
1859 1835.13 2591.32
1860 578.712 1390.42
1861 1009.49 2094.63
1862 1475.7 1566.29
1863 2366.44 4868.82
1864 1440.61 1482.39
1865 1440.61 1482.39
1866 1063.92 1494.95
1867 1143.67 1589.48
1868 1507.19 2970.46
1869 1499.15 2641.27
1870 794.589 1935.82
1871 794.589 1935.82
1872 1537.99 1723.84
1873 1537.99 1723.84
1874 2022.71 3278.23
1875 1389.69 3729.75
1876 986.946 2016.67
1877 1164.74 1600.07
1878 2672.36 4791.53
1879 2478.81 1869.04
1880 2497.16 1834.26
1881 1918.69 5096.42
1882 2871.65 1214.82
1883 862.506 1935.56
1884 1639.99 2638.17
1885 1191.89 1347.82
1886 1899.05 2245.13
1887 1578.06 3080.13
1888 890.089 1200.73
1889 2665.93 3890.04
1890 1521.11 1887.76
1891 1756.88 2234.48
1892 1805.67 2598.71
1893 1266.26 2104.59
1894 1847.18 4773.62
1895 1476.96 3720.17
1896 1850.78 4790.43
1897 1069.23 1323.93
1898 2791.18 1800.53
1899 1397.22 1266.88
1900 840.851 2018.68
1901 2388.1 3845.22
1902 2338.25 3035.62
1903 1897.77 5033.92
1904 502.905 697.468
1905 2494.06 2800.39
1906 2895.3 1802.2
1907 3014.43 1101.73
1908 2693.62 4732.36
1909 2428.65 3118.54
1910 2428.65 3118.54
1911 1807.82 4991.17
1912 1396.41 2530.39
1913 2878.15 1569.47
1914 1092.88 1673.4
1915 1092.88 1673.4
1916 890.645 1164.56
1917 895.82 2177.41
1918 1001.85 1062.36
1919 2442.04 3987.96
1920 2138.71 3086.36
1921 1159.13 3684.3
1922 1221.29 2833.48
1923 2240.27 1741.36
1924 1449.89 2389.38
1925 1092.17 2224.15
1926 641.423 1846.23
1927 2642.32 2194.1
1928 1023.73 1065.79
1929 2311.44 4369.34
1930 2291.29 2535.82
1931 1764.4 2445.78
1932 2879.81 2200.19
1933 1372.11 3446.78
1934 1140.8 2640.75
1935 1140.8 2640.75
1936 556.494 1397.08
1937 1966.69 3478.6
1938 1844.73 2607.36
1939 1390.63 1507.59
1940 1352.82 1918.51
1941 1230.96 2140.29
1942 1070.21 1046.2
1943 2698.81 3367.06
1944 466.969 1456.78
1945 1024.66 2090.32
1946 1459.65 4137.29
1947 1517.74 1698.46
1948 1517.74 1698.46
1949 1525.77 2819.03
1950 1220.4 1821.88
1951 1338.1 1761.2
1952 1338.1 1761.2
1953 3057.44 1563.12
1954 2679.55 1828.39
1955 2196.22 2018.88
1956 830.108 1422.45
1957 2808.8 1424.66
1958 2361.44 2255.21
1959 1578.35 2360.4
1960 2113.69 4158.76
1961 2653.7 2636.4
1962 1313.73 1531.04
1963 1313.73 1531.04
1964 1574.02 3840.06
1965 2376.27 3127.02
1966 1528.48 4332.05
1967 2073.44 2518.82
1968 539.34 1723.76
1969 1493.99 1526.54
1970 1493.99 1526.54
1971 2547.02 3051.66
1972 1787.09 4743.87
1973 1548.37 2645
1974 1562.16 2217.91
1975 785.308 1587.18
1976 2824.41 1345.12
1977 1278.21 1847.54
1978 1898.25 2788.68
1979 1898.25 2788.68
1980 1075.42 1645.47
1981 1180.95 2106.31
1982 1144.13 2166.96
1983 954.673 1547.34
1984 1978.13 3261.73
1985 2522.59 3054.96
1986 2016.25 2260.74
1987 2084.17 3296.77
1988 931.325 2130.33
1989 2637.09 2101.58
1990 1057.04 1728.57
1991 1746.46 2172.91
1992 1593.6 2852.57
1993 956.263 1513.22
1994 1008.52 1964.03
1995 968.37 2050.3
1996 1842.03 2420.57
1997 1306.11 1918.83
1998 1423.42 3001.45
1999 1803.2 4766.52
2000 2901.25 2062.01
2001 720.751 1669.7
2002 1450.52 1476.11
2003 1450.52 1476.11
2004 2148.04 1641.79
2005 1410.11 2644.54
2006 1177.14 1601.12
2007 2803.15 1257.4
2008 1066.7 1877.43
2009 1066.7 1877.43
2010 1373.09 2518.51
2011 1573.1 1808.79
2012 1686.11 3763.63
2013 899.895 1835.77
2014 2314.58 5154.5
2015 1923.44 2773.24
2016 1370.5 2218.63
2017 550.21 1408.19
2018 913.618 1461.36
2019 1703.01 2518.28
2020 901.463 1135.02
2021 2671.27 2799.99
2022 1421.73 2315.81
2023 1562.72 3258.28
2024 2603.84 2771.36
2025 2997.16 1734.5
2026 2530.67 1674.62
2027 2677.44 1431.57
2028 2349.82 4475.9
2029 1529.68 3451.96
2030 1613.46 4150.15
2031 1294.04 2063.49
2032 1751.73 2728.48
2033 1172.29 3216.29
2034 826.169 1915.38
2035 2379.67 5096.5
2036 1178.22 1030.72
2037 919.781 1112.54
2038 1988.36 3514.48
2039 976.873 1597.57
2040 1123.79 2274.57
2041 1490.2 2943.02
2042 2212.3 4097.5
2043 3034.92 1829.08
2044 1293.06 3913.68
2045 934.471 1409.28
2046 1179.4 2116.44
2047 870.585 953.625
2048 2315.11 3330.69
2049 1739.27 3090.23
2050 1286.24 1291.63
2051 1535.58 4899.11
2052 1487.95 1922.02
2053 1102.63 1739.72
2054 2225.33 4012.36
2055 1130.73 1295.63
2056 923.007 2159.66
2057 1286.26 1627.78
2058 1072.77 3164.34
2059 1855.67 3497.85
2060 2632.85 1885.09
2061 1784.25 2290.01
2062 2764.38 1848.56
2063 1359.6 1282.02
2064 500.087 1457.68
2065 1173.62 3692.87
2066 679.889 1203.18
2067 757.875 1787.89
2068 1216.67 3786.6
2069 1216.67 3786.6
2070 2639.42 1280.82
2071 774.667 1974.27
2072 938.044 2077.94
2073 2931.93 969.95
2074 2931.93 969.95
2075 1178.69 2212.15
2076 1015.09 1307.2
2077 1015.09 1307.2
2078 2722.42 2138.04
2079 834.123 1890.08
2080 834.123 1890.08
2081 1029.98 1714.94
2082 1024.88 1283.42
2083 2284.94 2238.71
2084 949.13 1978.96
2085 1741.13 3769.3
2086 978.656 1472.46
2087 496.902 1749.33
2088 2782.46 1573.19
2089 2782.46 1573.19
2090 847.45 1372.24
2091 1207.91 1550.78
2092 2490 2968.36
2093 1455.98 2435.56
2094 518.557 1471.56
2095 1645.49 3758.53
2096 1119.01 2213.14
2097 1031.53 1466.98
2098 1604.97 1520.52
2099 1700.44 2125.25
2100 1136.68 1559.47
2101 2274.33 3525.88
2102 1010.83 1284.02
2103 1554.38 3216.3
2104 1756.41 3734.91
2105 1756.41 3734.91
2106 2551.91 1570.69
2107 1439.12 2735.8
2108 1504.57 4065.23
2109 2235.46 1905.32
2110 2504.59 3039.63
2111 1208.44 2234.29
2112 1415.17 1748.48
2113 1531.28 2340.67
2114 1531.28 2340.67
2115 1330.42 1997.85
2116 1589.15 2094.67
2117 2825.63 1212.68
2118 1585.05 3375.17
2119 1705.67 2942.6
2120 1705.67 2942.6
2121 1396.28 2298.65
2122 1653.87 2620.35
2123 1190.47 1383.29
2124 3121.37 1596.81
2125 1500.7 2444.71
2126 2045.64 4488.76
2127 2417.09 1814.76
2128 1410.31 2421.05
2129 1256.47 2462.94
2130 1870.76 2997.42
2131 1932.73 4096.63
2132 907.934 2144
2133 2866.85 1912.03
2134 999.416 1050.35
2135 934.825 1833
2136 2075.03 5194.49
2137 3048.3 1185.99
2138 2319.97 4086.85
2139 1203.88 1532.86
2140 2290.92 3996.45
2141 1087.85 1717.47
2142 935.492 1126.44
2143 1495.87 1458.08
2144 1194.49 1881.89
2145 536.467 1670.13
2146 2626.73 2404.16
2147 1451.44 1893.83
2148 2002.7 4154.02
2149 3104.25 1587.64
2150 2479.3 4183.36
2151 1103.8 2027.77
2152 2458.03 1913.35
2153 1275.56 1662.02
2154 557.177 1784.84
2155 694.499 854.621
2156 1277.25 1150.19
2157 3042.46 1006.64
2158 2505.21 1843.52
2159 1538.35 1682.6
2160 586.76 1511.73
2161 586.76 1511.73
2162 1222.67 1792.92
2163 1222.67 1792.92
2164 910.78 2114.33
2165 1491.98 1547.05
2166 571.357 1276.43
2167 1129.65 1222.71
2168 2876.94 2211.52
2169 1510.31 2777.06
2170 963.934 1568.24
2171 2397.32 4953.48
2172 2494.38 3127.55
2173 2403.89 1824.69
2174 2166.82 3341.19
2175 475.584 1009.89
2176 475.584 1009.89
2177 1557.45 4987.09
2178 1694.49 2806.36
2179 1694.49 2806.36
2180 2528.99 1654.26
2181 1292.64 1771.76
2182 873.087 1826.42
2183 1433.24 1923.01
2184 952.774 1811.8
2185 1156.04 1644.68
2186 2588.8 1403.89
2187 2588.8 1403.89
2188 2970.93 2034.32
2189 1069.87 1342.23
2190 1517.92 2383.76
2191 1175.72 1569.79
2192 1666.35 5171.78
2193 1407.81 3734.78
2194 1523.46 1592.87
2195 1464.26 1898.76
2196 1703.52 2801.1
2197 1445.1 2397.6
2198 1466.64 2479.15
2199 2634.05 3138.46
2200 1315.63 3646.18
2201 2902.45 5306.81
2202 1609.35 4930.01
2203 459.138 1402.35
2204 2568.74 4025.89
2205 1554.32 3778.71
2206 1164.32 2199.12
2207 1164.32 2199.12
2208 873.026 1450.29
2209 1463.27 2732.31
2210 2894.88 1999.36
2211 3244.92 1360.33
2212 2519.91 2520.49
2213 2407.87 3149.02
2214 1626.67 1846.15
2215 602.065 1094.3
2216 1121.32 1592.63
2217 2778.75 1820.67
2218 614.767 1799.57
2219 2625.71 2375.52
2220 825.41 1572.06
2221 825.41 1572.06
2222 1908.14 3577.88
2223 2749.17 1775.14
2224 1454.29 1524.9
2225 558.515 1493.08
2226 1420.72 2497.1
2227 729.89 1638.18
2228 2047.72 3526.26
2229 896.488 2152.91
2230 1477.95 3738.08
2231 2786.28 1278.14
2232 2760.52 1709.14
2233 2916.83 1512.83
2234 1601.64 2748.35
2235 2751.29 954.836
2236 1201.58 1927.84
2237 1431.37 3508.81
2238 1865.58 3700.55
2239 1052.25 1790.93
2240 1491.7 1489.26
2241 2338.83 2863.92
2242 1150.98 1194.77
2243 995.635 1489.1
2244 2283.54 1744.97
2245 2042.13 3359.88
2246 2516.65 1747.78
2247 1460.04 1401.29
2248 472.855 1435.64
2249 2000.55 4135.53
2250 1802.22 4339.42
2251 1846.47 3814.73
2252 1187.26 1627.31
2253 1769.39 2550.24
2254 924.244 1131.13
2255 1474.82 1643.19
2256 1202.98 1232.3
2257 903.166 1795.99
2258 1198.94 2220.71
2259 1158.39 1452.05
2260 2958.91 2038.85
2261 2512.87 1796.86
2262 1215.78 2954.84
2263 2143.16 3127.7
2264 2381.63 3167.65
2265 926.139 1371.61
2266 926.139 1371.61
2267 2798.88 1923.26
2268 2046.6 3481.26
2269 2480.21 1835.54
2270 1400.32 2449.44
2271 975.852 1448.29
2272 975.852 1448.29
2273 1186.28 1847.75
2274 2609.77 4925.78
2275 2715.95 1790.05
2276 1146.33 1235.56
2277 2764.31 2497.42
2278 1454.06 2678.42
2279 1236.78 1623.14
2280 1143.98 1696.81
2281 2638.83 1247.48
2282 2181.45 2300.39
2283 952.064 1290.63
2284 1864.09 2793.72
2285 2199.93 1469.98
2286 1171.26 1189.51
2287 2927.7 1073.15
2288 2857.94 5121.7
2289 1952.49 1543.54
2290 913.316 1211.07
2291 2449 4213.37
2292 1358.43 1547.8
2293 2260.06 2998.68
2294 1197.85 2972.02
2295 2487.38 1891.22
2296 3118.4 1808.87
2297 731.292 1001.89
2298 2485.41 1825.67
2299 1409.26 1135.88
2300 3104.75 1767.53
2301 2138.35 2526.73
2302 2203.26 2995.06
2303 2647.98 3149.69
2304 1326.51 1192.31
2305 1054.2 1361.34
2306 2692.51 2116.28
2307 2055.53 3330.61
2308 3020.88 1819.3
2309 2421.12 3139.06
2310 1491.48 3626.45
2311 1208.33 1163.38
2312 797.906 2136.18
2313 1063.04 1677.2
2314 2477.82 3135.11
2315 1140.41 1328.8
2316 2466.13 3228.76
2317 1740.81 5475.46
2318 1508.14 1760.94
2319 1637.5 1680.88
2320 2753.43 1419.61
2321 2702.55 1378.01
2322 2209.17 3322.13
2323 1226.75 1942.08
2324 2545.28 3242.45
2325 688.235 1194.78
2326 1513.52 1936.52
2327 1326.52 1232.44
